109 287
108 283
107 283
107 281
106 287
106 283
106 197
105 273
104 277
104 273
103 269
102 273
102 269
101 253
100 249
99 245
98 241
97 237
96 233
96 230
96 226
95 230
95 226
94 277
94 222
93 277
93 222
93 218
92 210
91 210
91 206
90 226
90 214
90 210
90 206
89 201
88 193
87 122
86 130
85 257
85 146
85 138
84 110
83 193
83 189
82 193
82 189
81 186
81 182
80 189
80 186
80 182
79 257
79 253
79 249
79 245
79 241
79 237
79 233
79 214
79 172
78 269
78 257
78 253
78 249
78 245
78 241
78 237
78 233
78 214
78 176
78 172
77 218
77 169
77 165
77 161
76 218
76 206
76 172
76 169
76 165
76 161
75 154
75 150
74 157
74 154
74 150
73 261
73 146
73 142
72 265
72 261
72 150
72 146
72 142
71 197
71 138
71 134
70 197
70 142
70 138
70 134
69 176
69 130
69 126
68 261
68 176
68 134
68 130
68 126
67 122
67 118
66 165
66 126
66 122
66 118
65 265
65 157
65 114
64 265
64 157
64 118
64 114
63 204
63 201
63 110
62 222
62 182
62 180
62 161
62 114
62 110
